VITE_STORE_LAT=26.1576081
VITE_STORE_LNG=91.7545971